768000519200600000003015080007040000000079842091500600002901008034050000000000007
500170320000906010700000008040003080072090500000701209200609000930005060800020001
090000600000190780570000002900006050000400000634078001080050300016040508040081060
709020853308900060026030040005000106003000082070050094600000000000305020002000730
000209006000007409090054710060035000004070000200000630020400003503000901700510204
008036170000700034010040500000650000300000000060127389600000000100409008095812000
006070010010082003090605000004000306009106008082000070300209150005701030200300000
000003790008100006009700004501248009000506000300900608010000800406000203002360007
901000820000020470200609005023400050000092030000700040060900000095048007070100290
080051009000000801400030006065000400094020003000500002509300100120090060640200930
000004213000000597002130000000000120310000704006000058001900072085002030200803900
000032650002950004000140007500400000408000100020000060080670009761020500209010700
405800010700001040010000200602790531000003008300000070039005006000040002040082093
900071000007052609001960047053020801700005204020009006000000083000007100080000070
900300408540970030030450009860000100475000600001634070000700510000000940000100000
700605300000000100205100000502007031876003025004008000900320006000000080600070249
049700002200040051035000000590000007008050300000000529000000065913062800006418000
070920005900013002043000017010087009060001000700062031020000000000000503036000728
050004821007150000401080907000000043000201500098000002000403005500900000049800370
508000026000000000100009050003050064600030198014806030000040301900610205050000080
009002000040030165001005009000860001308240007700000206000004053503100602000050700
230000076000600013076038000009050620710060950000000004000014209108000005005009007
000000000009007406010650702000006005700800020000321840028003900076180000150079000
030082570000090001562000000900870100026010009000000000050406080003150047000027310
000009200930050800005807030090030064500604001470100000380420007002000008009085000
059600000003010709060090052042000006080020901000709400004030280000800000090201047
020074000863000470050000800907501006500023000000000090090010020008360001310009048
309040000620800017800750000000900048002000000060028709000100032096000080200400671
006109070000000903000200000031000609002005307700308241000600500603700190250800000
510870000080049000000006007100600038000020001900030245005300074678000100040900500
000260005002040100108070600010403700450000000000100006346780090200900000700032450
600034012003010700000000358900370004001029000705408009800003090300207000004000003
080000000010030040050004283009000450000000807270000160830076005026450000001023004
900073006000000835800105090070000062003009000020017000281006000647500900000042008
800000002321000064049000058105406000006003000000095200460509000008060015500080030
000000503005008260862000701030901002000000004000030010090603008000509420086012900
800200090700400360053001700005902000008060030090700040000100000487320000209000673
700061200000028350000050071000092705000000004069500130004005026007200000028000410
950000000000090000063701000002186900510200080080000260830007002070400810091600003
070000005046200871009840002700012003500060010210090008000504026000000400420003000
050709000046300009000000830060054900000000415405007026039060001004000090508070200
000000001010054028009000603300208000002010934001430000750003060190000080030609040
000081709007023008050000010701009800030000027002307050200000096090004070070930080
200006098695080000000950062500000340002040700074008000408093600023800000000100020
009000010040205090050600034090086007000070001004900083486000100700491000003007050
870050000002000030043102080050070008008000070930820010789005040005300700000069001
001860400500200061674300005003080006080750009900000000040900000710046080009000504
006007000007038942090000000740320059605000003300004010018003005060071038500000000
000340607704509000030000004070005400000600059600090308009060023000053741000001005
002050004400008702800000010060040357093000040700605009040500001000480960010907000
400000001800090500250708060000970006070080094504003000006000005940350070080200603
603000701001600000005700400439010250050300004070504690000030070500008300300900040
389700004000030002007800930000002000001098003042060090005000400010679300000403108
501090000009057204008006790900001070100200080002009030200060003096020047730000000
400107003030800500500030000000006000760000039090070480002760091008290004074001050
350000019200000850009650002000003508400002060500800240810074020900030104000005000
189020000000040057000683012000000040200010008048000000060200794403007200701400060
004052700000140630500900000710230560030090017086001000040000050091460003000000100
078050060009000500600720403040070036097000000003002009000010600032060085700200041
000010007000000000005008102004730090000006051086120070700040309463072810120000000
500718200072960000600400070094021500000000009020300104008000300000509640050036000
900206014302090060074800090801720506060300780000000000593600000000000400700005020
040980076050304002018000003526038400000002000700006000095003820001020700000500600
007000095040000000021060300954300012000100609008000003100090006006827000702050430
000007013017605000530490020000008400000000736000010080060009100084073260000246000
006092700000003500030060009007009043000008056000200800400907600701000025920651000
005876140070003050080100000058300090300040506040000008962780030000000609000620000
000000040826905307030061000000400970600000050240587000002008000014050030008300705
059000000320905100860400259008010060430060000210704500002000003790200000000070800
000082500000003406000000009300000067106795002007830001008000005040017008095020610
970010200030009670400306000700080301008043020000102800809000000300408000010067003
009000543852040000000009000080000730304000090920800016030572000047300000006010320
300210075000000239702003000000040080080000900005802003506000020003600508910504300
500094173409020580070000000000002800708056910000000645007400000206000090050003001
006320009010700640500008200007002000001407080000105094020094810084000007095000000
031000006005009703760002800000860007000000064070300280127900000500270000400081300
500237608006000407000000000069003040420009170300000080040600890050004700900100064
540007900002060005090845720000603070009400050300070000007500100806024000050700003
309010807000000000450000061500768203070000600006091504012089000000006390900050000
031004060700806002040020070004901000000507310100040097067000900090100700000070086
630000190007805000500060073003400001000257369065000400004601000000090027070008000
005800900807000053260300800603004020000900006004160030900530070076200500000000304
000500090016009703390000002037080000109030206804250000675008920000060500000000007
100060370000003460030042009000000024003281057056007030005000006320005700901000000
000860001019000805020005970005000030064010000000528004300000406042087000190650000
000800019013000000006914532000100000204000190000029043400706000009032007000001308
900206007600005021020003940247000600009500700100007890410300200000000030800900100
000700060056000701100000504090807400702430900040610000087000000029006050060070290
020300070008007402007500360580200600000009000100060008060180000001900580005730201
200034690800090072900010800000048000480060903003000200308600524609400000004000000
600450019930000000004000008005010080800000070400609050109043000706800031302060500
000000200510600040740203016100098400409005170000006500350060000004007001870000004
360000000207050000008060072020000060000970150070306098040020600009004020032601004
003005000000340900000000315640580020000092680009007000056200000301050090408061030
945007006180000030000980000000000000300020801894015003018470602070090300000002008
000020890700009030200837040410002903000400008830070004075000080000060070600098500
920000800040000290008000436204600109870090503010034670000100000007080000060007010
200000008000830710010020000001200504640085009000009007100690020050000001009507846
030900060400073102072560800006208030053006000200130600300050700000307400000000001
087002300205300900000009500020000000070450068508020000050030004892005700031070009
001400003673800000480000710107009030508000090020005600710500000004006080090240300
060405008857000400020709105190000000008091200302000501006002300000346000000170000
084020000500640100000030694040306780300000010800000900060510000030790206005000870
500200108207900060080050900426500090030079006000860013690000000050180040040000000
305680000602070005089502040000200419200740053030000007006300000000015000050000024
000400190000080064080600007079005000000890473320004009002100000907058000045006020
070580009000270068000064170800600713060032000500000420002496007000000000000050034
100026700002000030008501000000063002290400870070000345500840000906000050800009207
008270000642000030007048060810632004000901000000000100701005203305000409004020000
104702005080390004700000030405000010003509008090030002000000007307806500026903000
000804005370002098800000000086001000001953700703000920030000009000175030010380600
010007206003020050280000000100000068002006945309005120000004001000090074030050690
060300700073005041900040002302809560006000280000020019800601070000080050009000020
105400807008960200009851003000000910081509000400000000032000160000100079000095008
010087000009030000000206007050060000900073620068512000005021938002005010003700000
007140658045008327060070004000050002001000000700000100000019003018200005090000481
304209500008100000000080100000500410050004806140000005206001003030002900090038064
