080200000000030204059000010000408006070000000000506023104090000000000172500000000
030000020490000000000280100046000000000004037000709080001000400003005000000900502
080000010000487000000060590004000006000030009127000000000200401706000000000801000
209000060100308000000000030701000000000576000005000908050901000000000203040000007
003000710000943000005060000000502000700300000600000028089000000000030500040000809
030900010000000054710003000000000506020700000570000000000040108400000000009056200
010400000900003000000900714091040000060700000000000360200095000000000100005006040
031000000000041006000008090000400005600000300200790000070000200000106500096000007
000000420000539000600000000040000007030906000080000605001070050402000000000010806
000000020607000000000260590052000604010003000000070305008009000000000102006007000
000059000060000890300060400000400058120000000000900040005000600000328000401000003
030000097100600000000900005059000600000004502000060900000785000400000000601030000
302008000400030000000020900050200003090000260000501000080000001005069000000000072
000049000041000900070020000000006003250100000800000056007080500000500020003000700
037000000000609050020004010009010000400030000005000608000987000090000003800000705
013000020000080060007090030300004008009000000000601004001000600020000700000038100
030009000080000740010600000000060520006003000040020080500000302000791000007000001
009002000600000040200007000001060000000000861000040050050208004300000600000100708
000704009789000000000800002103000040000000230005091000000030500010040000090020700
200300000000000208000405010080000004050069000020000070009000700000031000307000605
000000050000492000403000070080000600390100000000900107000007000005010009007080304
004000730000002000501000090000204000080100050900300000030000602000000400006089000
000106000908000000000004069003000800000050307504070000020000410000237000680000000
000000380000002000090001070308000400000409002010000600800090030000500004104070000
060090000000000213040030050600000005708000000000200307096000080005008000000103020
000000392000050000406000000000901804507000600000003000050000020040800000010004003
503000080000304000400000057060040000000000809900070060008000002000400503020109000
000820000000000506107000000000380020005000700000005030030690000902000001000070608
000605030398000000000090020000500400702000000400901002000000708006040000030060900
300000090002000015600509000090010600000078000800000900050000040001004000000600508
200050100409000000000030805000803000000000063026000000060100008945000000000090506
000390000003000025204700000050480000600000850700000000000050302071000000000010006
000004000000900103603000800000503080010000060090201000005040000027030000000000457
040000053030006000060000207200003000000400030000501008800090000000000120500270000
000906020508000000006003040000010903957000000000060007000700300080400000470000100
009050000000706000120000080000500002630010000000020809000300010304007000000000450
004070000000010608007030001300000060908000000000509027063000000000807000000000510
000190000208000050003000180100706000000800005520000000000060809030000600070020000
005004000000005207107000009000860300203010000000090060070000014000706000050000090
000002010000306000503000800070000082050201000600000040001060200037000000000000309
035001000000800600106005000000740080060050000400020090000000004901000000000200703
093050000600000070000073000809000500000720000000000902080605000000000039010300004
007000003000208000004000005010005070703000000000900280506090000000800500900040010
090400060000051000050000029900016000001000800300000070000703006503000000000800700
964000020000408060000050000000205004030000000000100907301000000000090701005010200
006010930000034000000000240000506000800002000040000070300000709000903005670000000
000506000300000200907003100000300080541000000000102050060000002000041003030000900
000090002008000300000010605940000010000320000010000060006002041700905000005000000
300000010000002009000080070090068000030000842070050000800400600000603000420000700
006000080000105060809000040050900402020000000000600500000030006001009000308010009
